{"app":"com.nianticlabs.ar.ardksamples","autofocus":1,"captureGroup":{"sequence":0,"uuid":"018dbe7a-5bc6-7008-8005-91ff0000ffff"},"coordinates":"opengl","depthSource":"none","duration":14.301,"formatVersion":"1","frameCount":215,"framerate":14.96398853227047,"frames":[{"exposure":0.0,"image":"frame_00000000.jpg","intrinsics":[499.68621826171875,499.68621826171875,362.341796875,272.6256103515625,0.0],"location":{"altitude":61.886287689208984,"altitudeAccuracy":3.3660976886749268,"heading":111.26190185546875,"headingAccuracy":4.742775917053223,"headingTimestamp":1708297706.0,"latitude":33.740020751953125,"longitude":-117.77040100097656,"positionAccuracy":4.742775917053223,"positionSource":"corelocation","positionTimestamp":1708297706.0},"pose":[1.9441231489181519,0.10684044659137726,1.266564965248108,-0.3003407120704651,0.710078775882721,0.6036797165870667,-0.20286570489406586],"pose4x4":[-0.7372820377349854,-0.6714629530906677,-0.07451793551445007,0.0,-0.18159931898117065,0.09073251485824585,0.9791779518127441,0.0,-0.650720477104187,0.7354626655578613,-0.18883275985717773,0.0,1.9441231489181519,0.10684044659137726,1.266564965248108,1.0],"resolution":[720,540],"sequence":0,"timestamp":1708297706.0,"tracking":2,"trackingReason":0},{"exposure":0.0,"image":"frame_00000001.jpg","intrinsics":[499.6058349609375,499.6058349609375,362.2833557128906,272.76531982421875,0.0],"location":{"altitude":61.886287689208984,"altitudeAccuracy":3.3660976886749268,"heading":111.26190185546875,"headingAccuracy":4.742775917053223,"headingTimestamp":1708297706.0,"latitude":33.740020751953125,"longitude":-117.77040100097656,"positionAccuracy":4.742775917053223,"positionSource":"corelocation","positionTimestamp":1708297706.0},"pose":[2.019414186477661,0.09793255478143692,1.2822033166885376,-0.2923359274864197,0.6958044171333313,0.6193005442619324,-0.2164791375398636],"pose4x4":[-0.735353946685791,-0.6749485731124878,-0.06083333492279053,0.0,-0.13868597149848938,0.062013089656829834,0.9883933663368225,0.0,-0.6633418798446655,0.7352548241615295,-0.13920819759368896,0.0,2.019414186477661,0.09793255478143692,1.2822033166885376,1.0],"resolution":[720,540],"sequence":1,"timestamp":1708297706.1,"tracking":2,"trackingReason":0},{"exposure":0.0,"image":"frame_00000002.jpg","intrinsics":[499.628173828125,499.628173828125,362.2564697265625,272.8364562988281,0.0],"location":{"altitude":61.886287689208984,"altitudeAccuracy":3.3660976886749268,"heading":111.26190185546875,"headingAccuracy":4.742775917053223,"headingTimestamp":1708297706.0,"latitude":33.740020751953125,"longitude":-117.77040100097656,"positionAccuracy":4.742775917053223,"positionSource":"corelocation","positionTimestamp":1708297706.0},"pose":[2.0730698108673096,0.09071419388055801,1.293845295906067,-0.2801835834980011,0.6876690983772278,0.6272987127304077,-0.23474368453025818],"pose4x4":[-0.7327849864959717,-0.67985600233078,-0.028665632009506226,0.0,-0.09083837270736694,0.055987000465393066,0.9942905902862549,0.0,-0.6743695735931396,0.7312052249908447,-0.10278332233428955,0.0,2.0730698108673096,0.09071419388055801,1.293845295906067,1.0],"resolution":[720,540],"sequence":2,"timestamp":1708297706.167,"tracking":2,"trackingReason":0},{"exposure":0.0,"image":"frame_00000003.jpg","intrinsics":[499.6292724609375,499.6292724609375,362.22576904296875,272.865478515625,0.0],"location":{"altitude":61.886287689208984,"altitudeAccuracy":3.3660976886749268,"heading":111.26190185546875,"headingAccuracy":4.742775917053223,"headingTimestamp":1708297706.0,"latitude":33.740020751953125,"longitude":-117.77040100097656,"positionAccuracy":4.742775917053223,"positionSource":"corelocation","positionTimestamp":1708297706.0},"pose":[2.124063491821289,0.08603167533874512,1.302032470703125,-0.26784810423851013,0.6844764351844788,0.6281725168228149,-0.25524234771728516],"pose4x4":[-0.72621750831604,-0.6873438954353333,0.012905091047286987,0.0,-0.045998990535736084,0.0673133134841919,0.9966709017753601,0.0,-0.6859244108200073,0.7232062220573425,-0.08050119876861572,0.0,2.124063491821289,0.08603167533874512,1.302032470703125,1.0],"resolution":[720,540],"sequence":3,"timestamp":1708297706.233,"tracking":2,"trackingReason":0},{"exposure":0.0,"image":"frame_00000004.jpg","intrinsics":[499.5901794433594,499.5901794433594,362.2210998535156,272.86834716796875,0.0],"location":{"altitude":61.886287689208984,"altitudeAccuracy":3.3660976886749268,"heading":111.26190185546875,"headingAccuracy":4.742775917053223,"headingTimestamp":1708297706.0,"latitude":33.740020751953125,"longitude":-117.77040100097656,"positionAccuracy":4.742775917053223,"positionSource":"corelocation","positionTimestamp":1708297706.0},"pose":[2.1747214794158936,0.08648090809583664,1.308050274848938,-0.24216701090335846,0.669556200504303,0.6425181031227112,-0.28323209285736084],"pose4x4":[-0.7222700119018555,-0.688252329826355,0.06808623671531677,0.0,0.03967463970184326,0.057051241397857666,0.9975829124450684,0.0,-0.6904729604721069,0.7232249975204468,-0.0139007568359375,0.0,2.1747214794158936,0.08648090809583664,1.308050274848938,1.0],"resolution":[720,540],"sequence":4,"timestamp":1708297706.3,"tracking":2,"trackingReason":0},{"exposure":0.0,"image":"frame_00000005.jpg","intrinsics":[499.5980529785156,499.5980529785156,362.25408935546875,272.85699462890625,0.0],"location":{"altitude":61.886287689208984,"altitudeAccuracy":3.3660976886749268,"heading":111.26190185546875,"headingAccuracy":4.742775917053223,"headingTimestamp":1708297706.0,"latitude":33.740020751953125,"longitude":-117.77040100097656,"positionAccuracy":4.742775917053223,"positionSource":"corelocation","positionTimestamp":1708297706.0},"pose":[2.219987630844116,0.09091523289680481,1.3062503337860107,-0.21985489130020142,0.6609498262405396,0.6417363286018372,-0.32091066241264343],"pose4x4":[-0.6973602771759033,-0.7025061845779419,0.14203393459320068,0.0,0.12125393748283386,0.07967662811279297,0.9894185662269592,0.0,-0.7063894271850586,0.7072034478187561,0.02961832284927368,0.0,2.219987630844116,0.09091523289680481,1.3062503337860107,1.0],"resolution":[720,540],"sequence":5,"timestamp":1708297706.367,"tracking":2,"trackingReason":0},{"exposure":0.0,"image":"frame_00000006.jpg","intrinsics":[499.6337890625,499.6337890625,362.261962890625,272.7682800292969,0.0],"location":{"altitude":61.886287689208984,"altitudeAccuracy":3.3660976886749268,"heading":111.26190185546875,"headingAccuracy":4.742775917053223,"headingTimestamp":1708297706.0,"latitude":33.740020751953125,"longitude":-117.77040100097656,"positionAccuracy":4.742775917053223,"positionSource":"corelocation","positionTimestamp":1708297706.0},"pose":[2.2625670433044434,0.09344597160816193,1.29383385181427,-0.1894490122795105,0.6485177278518677,0.6499942541122437,-0.34790998697280884],"pose4x4":[-0.6861355304718018,-0.6980010271072388,0.20497006177902222,0.0,0.20655688643455505,0.0832330584526062,0.974888026714325,0.0,-0.697533130645752,0.711243212223053,0.08706766366958618,0.0,2.2625670433044434,0.09344597160816193,1.29383385181427,1.0],"resolution":[720,540],"sequence":6,"timestamp":1708297706.433,"tracking":2,"trackingReason":0},{"exposure":0.0,"image":"frame_00000007.jpg","intrinsics":[499.6337890625,499.6337890625,362.3086242675781,272.71630859375,0.0],"location":{"altitude":61.886287689208984,"altitudeAccuracy":3.3660976886749268,"heading":111.26190185546875,"headingAccuracy":4.742775917053223,"headingTimestamp":1708297706.0,"latitude":33.740020751953125,"longitude":-117.77040100097656,"positionAccuracy":4.742775917053223,"positionSource":"corelocation","positionTimestamp":1708297706.0},"pose":[2.3018271923065186,0.09506489336490631,1.2770181894302368,-0.16115473210811615,0.6320061087608337,0.6654374599456787,-0.3630290925502777],"pose4x4":[-0.6844775676727295,-0.6868478655815125,0.2443964183330536,0.0,0.27944475412368774,0.06244426965713501,0.958128809928894,0.0,-0.6733499765396118,0.7241133451461792,0.1491948366165161,0.0,2.3018271923065186,0.09506489336490631,1.2770181894302368,1.0],"resolution":[720,540],"sequence":7,"timestamp":1708297706.5,"tracking":2,"trackingReason":0},{"exposure":0.0,"image":"frame_00000008.jpg","intrinsics":[499.5768127441406,499.5768127441406,362.3236083984375,272.608154296875,0.0],"location":{"altitude":61.886287689208984,"altitudeAccuracy":3.3660976886749268,"heading":111.26190185546875,"headingAccuracy":4.742775917053223,"headingTimestamp":1708297706.0,"latitude":33.740020751953125,"longitude":-117.77040100097656,"positionAccuracy":4.742775917053223,"positionSource":"corelocation","positionTimestamp":1708297706.0},"pose":[2.329998731613159,0.09585297852754593,1.2539994716644287,-0.1321450173854828,0.616945743560791,0.6667800545692444,-0.3966359496116638],"pose4x4":[-0.6504354476928711,-0.6919904947280884,0.31318241357803345,0.0,0.36588525772094727,0.07588410377502441,0.9275611639022827,0.0,-0.6656290292739868,0.7179073095321655,0.2038312554359436,0.0,2.329998731613159,0.09585297852754593,1.2539994716644287,1.0],"resolution":[720,540],"sequence":8,"timestamp":1708297706.567,"tracking":2,"trackingReason":0},{"exposure":0.0,"image":"frame_00000009.jpg","intrinsics":[499.64044189453125,499.64044189453125,362.29974365234375,272.50042724609375,0.0],"location":{"altitude":61.886287689208984,"altitudeAccuracy":3.3660976886749268,"heading":111.26190185546875,"headingAccuracy":4.742775917053223,"headingTimestamp":1708297706.0,"latitude":33.740020751953125,"longitude":-117.77040100097656,"positionAccuracy":4.742775917053223,"positionSource":"corelocation","positionTimestamp":1708297706.0},"pose":[2.356391191482544,0.09220889955759048,1.2314192056655884,-0.1055593490600586,0.6048756241798401,0.6599973440170288,-0.4328816831111908],"pose4x4":[-0.6029419898986816,-0.6991021037101746,0.38434135913848877,0.0,0.44370096921920776,0.10652142763137817,0.8898220062255859,0.0,-0.6630169153213501,0.7070431709289551,0.2459653615951538,0.0,2.356391191482544,0.09220889955759048,1.2314192056655884,1.0],"resolution":[720,540],"sequence":9,"timestamp":1708297706.633,"tracking":2,"trackingReason":0},{"exposure":0.0,"image":"frame_00000010.jpg","intrinsics":[499.6058349609375,499.6058349609375,362.24591064453125,272.4249572753906,0.0],"location":{"altitude":61.886287689208984,"altitudeAccuracy":3.3660976886749268,"heading":111.26190185546875,"headingAccuracy":4.742775917053223,"headingTimestamp":1708297706.0,"latitude":33.740020751953125,"longitude":-117.77040100097656,"positionAccuracy":4.742775917053223,"positionSource":"corelocation","positionTimestamp":1708297706.0},"pose":[2.378645420074463,0.08870746195316315,1.2065844535827637,-0.07530802488327026,0.5902261734008789,0.6621662974357605,-0.4555186927318573],"pose4x4":[-0.573662281036377,-0.6921557784080505,0.43798524141311646,0.0,0.5143607258796692,0.11172902584075928,0.8502641916275024,0.0,-0.6374509930610657,0.7130473852157593,0.29192352294921875,0.0,2.378645420074463,0.08870746195316315,1.2065844535827637,1.0],"resolution":[720,540],"sequence":10,"timestamp":1708297706.7,"tracking":2,"trackingReason":0},{"exposure":0.0,"image":"frame_00000011.jpg","intrinsics":[499.82696533203125,499.82696533203125,362.2451477050781,272.41705322265625,0.0],"location":{"altitude":61.886287689208984,"altitudeAccuracy":3.3660976886749268,"heading":111.26190185546875,"headingAccuracy":4.742775917053223,"headingTimestamp":1708297706.0,"latitude":33.740020751953125,"longitude":-117.77040100097656,"positionAccuracy":4.742775917053223,"positionSource":"corelocation","positionTimestamp":1708297706.0},"pose":[2.4014365673065186,0.08651276677846909,1.1793873310089111,-0.04157378897070885,0.5848154425621033,0.6659154295921326,-0.46132326126098633],"pose4x4":[-0.5709049701690674,-0.6630305647850037,0.48420870304107666,0.0,0.5657785534858704,0.10965651273727417,0.817233145236969,0.0,-0.5949472188949585,0.7405173182487488,0.31252503395080566,0.0,2.4014365673065186,0.08651276677846909,1.1793873310089111,1.0],"resolution":[720,540],"sequence":11,"timestamp":1708297706.767,"tracking":2,"trackingReason":0},{"exposure":0.0,"image":"frame_00000012.jpg","intrinsics":[499.7576904296875,499.7576904296875,362.23236083984375,272.4233093261719,0.0],"location":{"altitude":61.886287689208984,"altitudeAccuracy":3.3660976886749268,"heading":111.26190185546875,"headingAccuracy":4.742775917053223,"headingTimestamp":1708297706.0,"latitude":33.740020751953125,"longitude":-117.77040100097656,"positionAccuracy":4.742775917053223,"positionSource":"corelocation","positionTimestamp":1708297706.0},"pose":[2.4070749282836914,0.08873727917671204,1.1510913372039795,-0.005577204283326864,0.5625962615013123,0.6637867093086243,-0.4927893280982971],"pose4x4":[-0.5142546892166138,-0.6604894399642944,0.5470787286758423,0.0,0.64793860912323,0.11871218681335449,0.7523846626281738,0.0,-0.5618870258331299,0.7413910627365112,0.3669086694717407,0.0,2.4070749282836914,0.08873727917671204,1.1510913372039795,1.0],"resolution":[720,540],"sequence":12,"timestamp":1708297706.833,"tracking":2,"trackingReason":0},{"exposure":0.0,"image":"frame_00000013.jpg","intrinsics":[500.03350830078125,500.03350830078125,362.208740234375,272.4483947753906,0.0],"location":{"altitude":61.886287689208984,"altitudeAccuracy":3.3660976886749268,"heading":111.26190185546875,"headingAccuracy":4.742775917053223,"headingTimestamp":1708297706.0,"latitude":33.740020751953125,"longitude":-117.77040100097656,"positionAccuracy":4.742775917053223,"positionSource":"corelocation","positionTimestamp":1708297706.0},"pose":[2.409515142440796,0.08894651383161545,1.1246883869171143,-0.03013628162443638,-0.537979781627655,-0.6552225351333618,0.5294817090034485],"pose4x4":[-0.43747758865356445,-0.6614313125610352,0.6091928482055664,0.0,0.7262821197509766,0.13955044746398926,0.6730797290802002,0.0,-0.530208945274353,0.7369061708450317,0.419339120388031,0.0,2.409515142440796,0.08894651383161545,1.1246883869171143,1.0],"resolution":[720,540],"sequence":13,"timestamp":1708297706.9,"tracking":2,"trackingReason":0},{"exposure":0.0,"image":"frame_00000014.jpg","intrinsics":[500.0625915527344,500.0625915527344,362.19482421875,272.50079345703125,0.0],"location":{"altitude":61.886287689208984,"altitudeAccuracy":3.3660976886749268,"heading":111.26190185546875,"headingAccuracy":4.742775917053223,"headingTimestamp":1708297706.0,"latitude":33.740020751953125,"longitude":-117.77040100097656,"positionAccuracy":4.742775917053223,"positionSource":"corelocation","positionTimestamp":1708297706.0},"pose":[2.4090490341186523,0.08825130760669708,1.0972520112991333,-0.07679037749767303,-0.5117064118385315,-0.6555272340774536,0.5500389337539673],"pose4x4":[-0.3831188678741455,-0.6425427794456482,0.6635932326316833,0.0,0.7997192740440369,0.1287745237350464,0.5863995552062988,0.0,-0.4622405171394348,0.7553503513336182,0.4645196199417114,0.0,2.4090490341186523,0.08825130760669708,1.0972520112991333,1.0],"resolution":[720,540],"sequence":14,"timestamp":1708297706.967,"tracking":2,"trackingReason":0},{"exposure":0.0,"image":"frame_00000015.jpg","intrinsics":[500.184326171875,500.184326171875,362.1875,272.56182861328125,0.0],"location":{"altitude":61.886287689208984,"altitudeAccuracy":3.3660976886749268,"heading":111.26190185546875,"headingAccuracy":4.742775917053223,"headingTimestamp":1708297706.0,"latitude":33.740020751953125,"longitude":-117.77040100097656,"positionAccuracy":4.742775917053223,"positionSource":"corelocation","positionTimestamp":1708297706.0},"pose":[2.4056332111358643,0.08922963589429855,1.0709830522537231,-0.11238263547420502,-0.47676366567611694,-0.6511358618736267,0.5797327160835266],"pose4x4":[-0.302562952041626,-0.647809624671936,0.6991437077522278,0.0,0.8621294498443604,0.12678444385528564,0.4905720353126526,0.0,-0.40643829107284546,0.7511796355247498,0.5201331377029419,0.0,2.4056332111358643,0.08922963589429855,1.0709830522537231,1.0],"resolution":[720,540],"sequence":15,"timestamp":1708297707.033,"tracking":2,"trackingReason":0},{"exposure":0.0,"image":"frame_00000016.jpg","intrinsics":[500.246826171875,500.246826171875,362.1454772949219,272.6397705078125,0.0],"location":{"altitude":61.886287689208984,"altitudeAccuracy":3.3660976886749268,"heading":111.26190185546875,"headingAccuracy":4.742775917053223,"headingTimestamp":1708297706.0,"latitude":33.740020751953125,"longitude":-117.77040100097656,"positionAccuracy":4.742775917053223,"positionSource":"corelocation","positionTimestamp":1708297706.0},"pose":[2.3977901935577393,0.08784642815589905,1.0472251176834106,-0.1566147655248642,-0.4284115731716156,-0.65140700340271,0.6063042283058167],"pose4x4":[-0.21573519706726074,-0.6557104587554932,0.723535418510437,0.0,0.9240927696228027,0.10228145122528076,0.3682281970977783,0.0,-0.3154555559158325,0.7480529546737671,0.5838706493377686,0.0,2.3977901935577393,0.08784642815589905,1.0472251176834106,1.0],"resolution":[720,540],"sequence":16,"timestamp":1708297707.1,"tracking":2,"trackingReason":0},{"exposure":0.0,"image":"frame_00000017.jpg","intrinsics":[500.406494140625,500.406494140625,362.134765625,272.7096252441406,0.0],"location":{"altitude":61.886287689208984,"altitudeAccuracy":3.3660976886749268,"heading":111.26190185546875,"headingAccuracy":4.742775917053223,"headingTimestamp":1708297706.0,"latitude":33.740020751953125,"longitude":-117.77040100097656,"positionAccuracy":4.742775917053223,"positionSource":"corelocation","positionTimestamp":1708297706.0},"pose":[2.3831405639648438,0.08571608364582062,1.0297825336456299,-0.20422132313251495,-0.3792262077331543,-0.6457933187484741,0.6304214000701904],"pose4x4":[-0.12172305583953857,-0.6593517065048218,0.7419141530990601,0.0,0.9691359996795654,0.0824892520904541,0.23231250047683716,0.0,-0.2143751084804535,0.7472944855690002,0.6289622783660889,0.0,2.3831405639648438,0.08571608364582062,1.0297825336456299,1.0],"resolution":[720,540],"sequence":17,"timestamp":1708297707.167,"tracking":2,"trackingReason":0},{"exposure":0.0,"image":"frame_00000018.jpg","intrinsics":[500.4053955078125,500.4053955078125,362.09063720703125,272.7392883300781,0.0],"location":{"altitude":61.886287689208984,"altitudeAccuracy":3.3660976886749268,"heading":111.26190185546875,"headingAccuracy":4.742775917053223,"headingTimestamp":1708297706.0,"latitude":33.740020751953125,"longitude":-117.77040100097656,"positionAccuracy":4.742775917053223,"positionSource":"corelocation","positionTimestamp":1708297706.0},"pose":[2.36293888092041,0.08454257249832153,1.0214296579360962,-0.25761958956718445,-0.3277226984500885,-0.6328028440475464,0.6525266170501709],"pose4x4":[-0.01568317413330078,-0.656985878944397,0.7537404298782349,0.0,0.9946969747543335,0.06638538837432861,0.07856044173240662,0.0,-0.10165074467658997,0.7509750127792358,0.652459979057312,0.0,2.36293888092041,0.08454257249832153,1.0214296579360962,1.0],"resolution":[720,540],"sequence":18,"timestamp":1708297707.233,"tracking":2,"trackingReason":0},{"exposure":0.0,"image":"frame_00000019.jpg","intrinsics":[500.6298522949219,500.6298522949219,362.03643798828125,272.76666259765625,0.0],"location":{"altitude":61.886287689208984,"altitudeAccuracy":3.3660976886749268,"heading":111.26190185546875,"headingAccuracy":4.742775917053223,"headingTimestamp":1708297706.0,"latitude":33.740020751953125,"longitude":-117.77040100097656,"positionAccuracy":4.742775917053223,"positionSource":"corelocation","positionTimestamp":1708297706.0},"pose":[2.339827060699463,0.08424384146928787,1.0212342739105225,-0.308525025844574,-0.27804088592529297,-0.6101511120796204,0.6747012138366699],"pose4x4":[0.10081779956817627,-0.6517742872238159,0.7516828179359436,0.0,0.9949045181274414,0.06505584716796875,-0.07703050971031189,0.0,0.0013047456741333008,0.7556183338165283,0.6550111770629883,0.0,2.339827060699463,0.08424384146928787,1.0212342739105225,1.0],"resolution":[720,540],"sequence":19,"timestamp":1708297707.3,"tracking":2,"trackingReason":0},{"exposure":0.0,"image":"frame_00000020.jpg","intrinsics":[500.6231689453125,500.6231689453125,362.0102844238281,272.79254150390625,0.0],"location":{"altitude":61.886287689208984,"altitudeAccuracy":3.3660976886749268,"heading":111.26190185546875,"headingAccuracy":4.742775917053223,"headingTimestamp":1708297706.0,"latitude":33.740020751953125,"longitude":-117.77040100097656,"positionAccuracy":4.742775917053223,"positionSource":"corelocation","positionTimestamp":1708297706.0},"pose":[2.3138010501861572,0.08305858820676804,1.0247400999069214,-0.349112331867218,-0.23093126714229584,-0.5922303795814514,0.6885157823562622],"pose4x4":[0.19186782836914063,-0.654278039932251,0.7315094470977783,0.0,0.9767618179321289,0.054767489433288574,-0.20720967650413513,0.0,0.09551021456718445,0.754267692565918,0.6495826244354248,0.0,2.3138010501861572,0.08305858820676804,1.0247400999069214,1.0],"resolution":[720,540],"sequence":20,"timestamp":1708297707.367,"tracking":2,"trackingReason":0},{"exposure":0.0,"image":"frame_00000021.jpg","intrinsics":[500.8297119140625,500.8297119140625,361.9845886230469,272.7637023925781,0.0],"location":{"altitude":61.886287689208984,"altitudeAccuracy":3.3660976886749268,"heading":111.26190185546875,"headingAccuracy":4.742775917053223,"headingTimestamp":1708297706.0,"latitude":33.740020751953125,"longitude":-117.77040100097656,"positionAccuracy":4.742775917053223,"positionSource":"corelocation","positionTimestamp":1708297706.0},"pose":[2.286609649658203,0.07977543771266937,1.0346462726593018,-0.3867000937461853,-0.1937900334596634,-0.5735937356948853,0.6956280469894409],"pose4x4":[0.2668713331222534,-0.6481385231018066,0.7132290601730347,0.0,0.9478930234909058,0.04290652275085449,-0.31568536162376404,0.0,0.174005925655365,0.7603123188018799,0.6258169412612915,0.0,2.286609649658203,0.07977543771266937,1.0346462726593018,1.0],"resolution":[720,540],"sequence":21,"timestamp":1708297707.433,"tracking":2,"trackingReason":0},{"exposure":0.0,"image":"frame_00000022.jpg","intrinsics":[500.8442687988281,500.8442687988281,361.9752197265625,272.75494384765625,0.0],"location":{"altitude":61.886287689208984,"altitudeAccuracy":3.3660976886749268,"heading":111.26190185546875,"headingAccuracy":4.742775917053223,"headingTimestamp":1708297706.0,"latitude":33.740020751953125,"longitude":-117.77040100097656,"positionAccuracy":4.742775917053223,"positionSource":"corelocation","positionTimestamp":1708297706.0},"pose":[2.259934663772583,0.07441221177577972,1.0441195964813232,-0.4195138216018677,-0.16504375636577606,-0.555914044380188,0.698375403881073],"pose4x4":[0.3274402618408203,-0.6379971504211426,0.696952223777771,0.0,0.9149496555328369,0.029935479164123535,-0.40245598554611206,0.0,0.23590223491191864,0.7694565653800964,0.593537449836731,0.0,2.259934663772583,0.07441221177577972,1.0441195964813232,1.0],"resolution":[720,540],"sequence":22,"timestamp":1708297707.5,"tracking":2,"trackingReason":0},{"exposure":0.0,"image":"frame_00000023.jpg","intrinsics":[500.8085632324219,500.8085632324219,361.9479675292969,272.73016357421875,0.0],"location":{"altitude":61.886287689208984,"altitudeAccuracy":3.3660976886749268,"heading":111.26190185546875,"headingAccuracy":4.742775917053223,"headingTimestamp":1708297706.0,"latitude":33.740020751953125,"longitude":-117.77040100097656,"positionAccuracy":4.742775917053223,"positionSource":"corelocation","positionTimestamp":1708297706.0},"pose":[2.2330849170684814,0.07115302979946136,1.0588977336883545,-0.4430542290210724,-0.13802775740623474,-0.5370611548423767,0.7044262886047363],"pose4x4":[0.38502728939056396,-0.6343324780464172,0.6703552007675171,0.0,0.8789475560188293,0.030536532402038574,-0.47593939304351807,0.0,0.281433641910553,0.7724567651748657,0.5693025588989258,0.0,2.2330849170684814,0.07115302979946136,1.0588977336883545,1.0],"resolution":[720,540],"sequence":23,"timestamp":1708297707.567,"tracking":2,"trackingReason":0},{"exposure":0.0,"image":"frame_00000024.jpg","intrinsics":[500.842041015625,500.842041015625,361.97381591796875,272.69384765625,0.0],"location":{"altitude":61.886287689208984,"altitudeAccuracy":3.3660976886749268,"heading":111.26190185546875,"headingAccuracy":4.742775917053223,"headingTimestamp":1708297706.0,"latitude":33.740020751953125,"longitude":-117.77040100097656,"positionAccuracy":4.742775917053223,"positionSource":"corelocation","positionTimestamp":1708297706.0},"pose":[2.205390214920044,0.07046172767877579,1.0780751705169678,-0.46238356828689575,-0.10995176434516907,-0.5152129530906677,0.7132092118263245],"pose4x4":[0.44493240118026733,-0.6332294344902039,0.6332892179489136,0.0,0.8365890383720398,0.041514039039611816,-0.5462552905082703,0.0,0.3196147680282593,0.7728496193885803,0.5482240915298462,0.0,2.205390214920044,0.07046172767877579,1.0780751705169678,1.0],"resolution":[720,540],"sequence":24,"timestamp":1708297707.633,"tracking":2,"trackingReason":0},{"exposure":0.0,"image":"frame_00000025.jpg","intrinsics":[500.802978515625,500.802978515625,361.9922180175781,272.6666564941406,0.0],"location":{"altitude":61.886287689208984,"altitudeAccuracy":3.3660976886749268,"heading":111.26190185546875,"headingAccuracy":4.742775917053223,"headingTimestamp":1708297706.0,"latitude":33.740020751953125,"longitude":-117.77040100097656,"positionAccuracy":4.742775917053223,"positionSource":"corelocation","positionTimestamp":1708297706.0},"pose":[2.178046464920044,0.06951471418142319,1.0955181121826172,-0.47649720311164856,-0.08332132548093796,-0.49499911069869995,0.7217921018600464],"pose4x4":[0.4960668683052063,-0.6351681351661682,0.5920127630233765,0.0,0.793977677822113,0.05585259199142456,-0.6053758859634399,0.0,0.3514500558376312,0.770351767539978,0.5320159196853638,0.0,2.178046464920044,0.06951471418142319,1.0955181121826172,1.0],"resolution":[720,540],"sequence":25,"timestamp":1708297707.7,"tracking":2,"trackingReason":0},{"exposure":0.0,"image":"frame_00000026.jpg","intrinsics":[500.8543395996094,500.8543395996094,362.0197448730469,272.6676025390625,0.0],"location":{"altitude":61.886287689208984,"altitudeAccuracy":3.3660976886749268,"heading":111.26190185546875,"headingAccuracy":4.742775917053223,"headingTimestamp":1708297706.0,"latitude":33.740020751953125,"longitude":-117.77040100097656,"positionAccuracy":4.742775917053223,"positionSource":"corelocation","positionTimestamp":1708297706.0},"pose":[2.1503758430480957,0.0683983862400055,1.1124508380889893,-0.49296116828918457,-0.06981008499860764,-0.48037904500961304,0.7220468521118164],"pose4x4":[0.5287250280380249,-0.6248850226402283,0.5744287371635437,0.0,0.7625396847724915,0.05245053768157959,-0.6448115110397339,0.0,0.37280410528182983,0.7789527177810669,0.5042316913604736,0.0,2.1503758430480957,0.0683983862400055,1.1124508380889893,1.0],"resolution":[720,540],"sequence":26,"timestamp":1708297707.767,"tracking":2,"trackingReason":0},{"exposure":0.0,"image":"frame_00000027.jpg","intrinsics":[500.82757568359375,500.82757568359375,362.09808349609375,272.666259765625,0.0],"location":{"altitude":61.886287689208984,"altitudeAccuracy":3.3660976886749268,"heading":111.26190185546875,"headingAccuracy":4.742775917053223,"headingTimestamp":1708297706.0,"latitude":33.740020751953125,"longitude":-117.77040100097656,"positionAccuracy":4.742775917053223,"positionSource":"corelocation","positionTimestamp":1708297706.0},"pose":[2.122300148010254,0.06653504818677902,1.1311628818511963,-0.5057874917984009,-0.05766436830163002,-0.46004417538642883,0.7274702191352844],"pose4x4":[0.570068359375,-0.6110050082206726,0.5492674112319946,0.0,0.7276687026023865,0.06507670879364014,-0.6828343868255615,0.0,0.3814709484577179,0.7889469861984253,0.4817076325416565,0.0,2.122300148010254,0.06653504818677902,1.1311628818511963,1.0],"resolution":[720,540],"sequence":27,"timestamp":1708297707.833,"tracking":2,"trackingReason":0},{"exposure":0.0,"image":"frame_00000028.jpg","intrinsics":[500.802978515625,500.802978515625,362.10174560546875,272.67926025390625,0.0],"location":{"altitude":61.886287689208984,"altitudeAccuracy":3.3660976886749268,"heading":111.26190185546875,"headingAccuracy":4.742775917053223,"headingTimestamp":1708297706.0,"latitude":33.740020751953125,"longitude":-117.77040100097656,"positionAccuracy":4.742775917053223,"positionSource":"corelocation","positionTimestamp":1708297706.0},"pose":[2.0975310802459717,0.06547568738460541,1.1523545980453491,-0.5115582346916199,-0.033857766538858414,-0.4414582848548889,0.7363943457603455],"pose4x4":[0.6079365015029907,-0.6155343651771545,0.5015286207199097,0.0,0.6848152279853821,0.0868455171585083,-0.7235236167907715,0.0,0.40179792046546936,0.7833107709884644,0.4743236303329468,0.0,2.0975310802459717,0.06547568738460541,1.1523545980453491,1.0],"resolution":[720,540],"sequence":28,"timestamp":1708297707.9,"tracking":2,"trackingReason":0},{"exposure":0.0,"image":"frame_00000029.jpg","intrinsics":[500.849853515625,500.849853515625,362.1237487792969,272.7164611816406,0.0],"location":{"altitude":61.886287689208984,"altitudeAccuracy":3.3660976886749268,"heading":111.26190185546875,"headingAccuracy":4.742775917053223,"headingTimestamp":1708297706.0,"latitude":33.740020751953125,"longitude":-117.77040100097656,"positionAccuracy":4.742775917053223,"positionSource":"corelocation","positionTimestamp":1708297706.0},"pose":[2.0749495029449463,0.06201963871717453,1.1721137762069702,-0.5291544795036316,-0.013507209718227386,-0.4244535267353058,0.7346101999282837],"pose4x4":[0.6393135190010071,-0.6093209981918335,0.46904805302619934,0.0,0.6379106044769287,0.07966947555541992,-0.7659781575202942,0.0,0.4293579161167145,0.7889109253883362,0.43962615728378296,0.0,2.0749495029449463,0.06201963871717453,1.1721137762069702,1.0],"resolution":[720,540],"sequence":29,"timestamp":1708297707.967,"tracking":2,"trackingReason":0},{"exposure":0.0,"image":"frame_00000030.jpg","intrinsics":[500.6756591796875,500.6756591796875,362.12359619140625,272.76446533203125,0.0],"location":{"altitude":61.886287689208984,"altitudeAccuracy":3.3660976886749268,"heading":111.26190185546875,"headingAccuracy":4.742775917053223,"headingTimestamp":1708297706.0,"latitude":33.740020751953125,"longitude":-117.77040100097656,"positionAccuracy":4.742775917053223,"positionSource":"corelocation","positionTimestamp":1708297706.0},"pose":[2.0578322410583496,0.05718710273504257,1.1890645027160645,-0.5503676533699036,-0.011480462737381458,-0.4009307324886322,0.7322690486907959],"pose4x4":[0.678245484828949,-0.5745413899421692,0.45813217759132385,0.0,0.599815309047699,0.07270002365112305,-0.7968286275863647,0.0,0.4245050251483917,0.8152401447296143,0.39392727613449097,0.0,2.0578322410583496,0.05718710273504257,1.1890645027160645,1.0],"resolution":[720,540],"sequence":30,"timestamp":1708297708.033,"tracking":2,"trackingReason":0},{"exposure":0.0,"image":"frame_00000031.jpg","intrinsics":[500.6131591796875,500.6131591796875,362.11187744140625,272.8281555175781,0.0],"location":{"altitude":61.886287689208984,"altitudeAccuracy":3.3660976886749268,"heading":111.26190185546875,"headingAccuracy":4.742775917053223,"headingTimestamp":1708297706.0,"latitude":33.740020751953125,"longitude":-117.77040100097656,"positionAccuracy":4.742775917053223,"positionSource":"corelocation","positionTimestamp":1708297706.0},"pose":[2.0438051223754883,0.05723688378930092,1.2066532373428345,-0.5659962296485901,0.009977370500564575,-0.380156010389328,0.731457531452179],"pose4x4":[0.710763692855835,-0.5674302577972412,0.41573768854141235,0.0,0.5448416471481323,0.07025933265686035,-0.8355903625488281,0.0,0.4449297785758972,0.8204184770584106,0.3590974807739258,0.0,2.0438051223754883,0.05723688378930092,1.2066532373428345,1.0],"resolution":[720,540],"sequence":31,"timestamp":1708297708.1,"tracking":2,"trackingReason":0},{"exposure":0.0,"image":"frame_00000032.jpg","intrinsics":[500.6075439453125,500.6075439453125,362.09075927734375,272.8993225097656,0.0],"location":{"altitude":61.886287689208984,"altitudeAccuracy":3.3660976886749268,"heading":111.26190185546875,"headingAccuracy":4.742775917053223,"headingTimestamp":1708297706.0,"latitude":33.740020751953125,"longitude":-117.77040100097656,"positionAccuracy":4.742775917053223,"positionSource":"corelocation","positionTimestamp":1708297706.0},"pose":[2.0412683486938477,0.05971895903348923,1.2175507545471191,-0.5692952871322632,0.034846000373363495,-0.3743725121021271,0.7311182022094727],"pose4x4":[0.7172619104385376,-0.5870964527130127,0.3753039240837097,0.0,0.5077457427978516,0.07149618864059448,-0.8585350513458252,0.0,0.4772101044654846,0.8063535690307617,0.34937727451324463,0.0,2.0412683486938477,0.05971895903348923,1.2175507545471191,1.0],"resolution":[720,540],"sequence":32,"timestamp":1708297708.167,"tracking":2,"trackingReason":0},{"exposure":0.0,"image":"frame_00000033.jpg","intrinsics":[500.6566162109375,500.6566162109375,362.0543518066406,272.991943359375,0.0],"location":{"altitude":61.886287689208984,"altitudeAccuracy":3.3660976886749268,"heading":111.26190185546875,"headingAccuracy":4.742775917053223,"headingTimestamp":1708297706.0,"latitude":33.740020751953125,"longitude":-117.77040100097656,"positionAccuracy":4.742775917053223,"positionSource":"corelocation","positionTimestamp":1708297706.0},"pose":[2.0415115356445313,0.060768406838178635,1.2225533723831177,-0.5798196196556091,0.047343909740448,-0.3679046928882599,0.7254059910774231],"pose4x4":[0.7248094081878662,-0.5886623859405518,0.3579496145248413,0.0,0.47885867953300476,0.056910693645477295,-0.8760453462600708,0.0,0.4953238368034363,0.806373119354248,0.3231355547904968,0.0,2.0415115356445313,0.060768406838178635,1.2225533723831177,1.0],"resolution":[720,540],"sequence":33,"timestamp":1708297708.233,"tracking":2,"trackingReason":0},{"exposure":0.0,"image":"frame_00000034.jpg","intrinsics":[500.6331787109375,500.6331787109375,362.0416259765625,273.0740661621094,0.0],"location":{"altitude":61.886287689208984,"altitudeAccuracy":3.3660976886749268,"heading":111.26190185546875,"headingAccuracy":4.742775917053223,"headingTimestamp":1708297706.0,"latitude":33.740020751953125,"longitude":-117.77040100097656,"positionAccuracy":4.742775917053223,"positionSource":"corelocation","positionTimestamp":1708297706.0},"pose":[2.044748067855835,0.06278230249881744,1.2210038900375366,-0.5803786516189575,0.048448991030454636,-0.3619381785392761,0.7278832197189331],"pose4x4":[0.733306884765625,-0.5831349492073059,0.3495919704437256,0.0,0.47065991163253784,0.06432271003723145,-0.8799668550491333,0.0,0.49065279960632324,0.8098247051239014,0.3216266632080078,0.0,2.044748067855835,0.06278230249881744,1.2210038900375366,1.0],"resolution":[720,540],"sequence":34,"timestamp":1708297708.3,"tracking":2,"trackingReason":0},{"exposure":0.0,"image":"frame_00000035.jpg","intrinsics":[500.608642578125,500.608642578125,362.01165771484375,273.13592529296875,0.0],"location":{"altitude":61.886287689208984,"altitudeAccuracy":3.3660976886749268,"heading":111.26190185546875,"headingAccuracy":4.742775917053223,"headingTimestamp":1708297706.0,"latitude":33.740020751953125,"longitude":-117.77040100097656,"positionAccuracy":4.742775917053223,"positionSource":"corelocation","positionTimestamp":1708297706.0},"pose":[2.046963930130005,0.06635308265686035,1.2206071615219116,-0.5805114507675171,0.05790824443101883,-0.3655223250389099,0.7252904176712036],"pose4x4":[0.7260801196098328,-0.5974524617195129,0.3403792083263397,0.0,0.46298688650131226,0.05879974365234375,-0.8844122886657715,0.0,0.5083804130554199,0.7997453212738037,0.3193061947822571,0.0,2.046963930130005,0.06635308265686035,1.2206071615219116,1.0],"resolution":[720,540],"sequence":35,"timestamp":1708297708.367,"tracking":2,"trackingReason":0},{"exposure":0.0,"image":"frame_00000036.jpg","intrinsics":[500.6544189453125,500.6544189453125,362.02117919921875,273.1568603515625,0.0],"location":{"altitude":61.886287689208984,"altitudeAccuracy":3.3660976886749268,"heading":111.26190185546875,"headingAccuracy":4.742775917053223,"headingTimestamp":1708297706.0,"latitude":33.740020751953125,"longitude":-117.77040100097656,"positionAccuracy":4.742775917053223,"positionSource":"corelocation","positionTimestamp":1708297706.0},"pose":[2.0521388053894043,0.0684555172920227,1.216072678565979,-0.5826860666275024,0.05776476860046387,-0.37231990694999695,0.7200819849967957],"pose4x4":[0.7160822153091431,-0.6035191416740417,0.3507004976272583,0.0,0.46888425946235657,0.043709635734558105,-0.8821774125099182,0.0,0.5170819759368896,0.7961495518684387,0.3142803907394409,0.0,2.0521388053894043,0.0684555172920227,1.216072678565979,1.0],"resolution":[720,540],"sequence":36,"timestamp":1708297708.433,"tracking":2,"trackingReason":0},{"exposure":0.0,"image":"frame_00000037.jpg","intrinsics":[500.4110412597656,500.4110412597656,362.01861572265625,273.1889343261719,0.0],"location":{"altitude":61.886287689208984,"altitudeAccuracy":3.3660976886749268,"heading":111.26190185546875,"headingAccuracy":4.742775917053223,"headingTimestamp":1708297706.0,"latitude":33.740020751953125,"longitude":-117.77040100097656,"positionAccuracy":4.742775917053223,"positionSource":"corelocation","positionTimestamp":1708297706.0},"pose":[2.0544025897979736,0.07014764100313187,1.2103663682937622,-0.5814788937568665,0.05484043061733246,-0.3757058382034302,0.7195274233818054],"pose4x4":[0.7116752862930298,-0.6044384241104126,0.3580116331577301,0.0,0.47688424587249756,0.04145479202270508,-0.8779877424240112,0.0,0.5158483982086182,0.7955722808837891,0.31774961948394775,0.0,2.0544025897979736,0.07014764100313187,1.2103663682937622,1.0],"resolution":[720,540],"sequence":37,"timestamp":1708297708.5,"tracking":2,"trackingReason":0},{"exposure":0.0,"image":"frame_00000038.jpg","intrinsics":[500.43780517578125,500.43780517578125,362.02978515625,273.1622009277344,0.0],"location":{"altitude":61.886287689208984,"altitudeAccuracy":3.3660976886749268,"heading":111.26190185546875,"headingAccuracy":4.742775917053223,"headingTimestamp":1708297706.0,"latitude":33.740020751953125,"longitude":-117.77040100097656,"positionAccuracy":4.742775917053223,"positionSource":"corelocation","positionTimestamp":1708297706.0},"pose":[2.0571439266204834,0.07090689986944199,1.2041130065917969,-0.5776577591896057,0.04847600683569908,-0.37806999683380127,0.7218201756477356],"pose4x4":[0.7094262838363647,-0.6018021702766418,0.3668082356452942,0.0,0.48979201912879944,0.04674917459487915,-0.8705847263336182,0.0,0.5067720413208008,0.7972754240036011,0.3279231786727905,0.0,2.0571439266204834,0.07090689986944199,1.2041130065917969,1.0],"resolution":[720,540],"sequence":38,"timestamp":1708297708.567,"tracking":2,"trackingReason":0},{"exposure":0.0,"image":"frame_00000039.jpg","intrinsics":[500.39752197265625,500.39752197265625,362.0761413574219,273.0956726074219,0.0],"location":{"altitude":61.886287689208984,"altitudeAccuracy":3.3660976886749268,"heading":111.26190185546875,"headingAccuracy":4.742775917053223,"headingTimestamp":1708297706.0,"latitude":33.740020751953125,"longitude":-117.77040100097656,"positionAccuracy":4.742775917053223,"positionSource":"corelocation","positionTimestamp":1708297706.0},"pose":[2.0600953102111816,0.07153437286615372,1.1970895528793335,-0.5725042223930359,0.045748189091682434,-0.3865531384944916,0.7216112017631531],"pose4x4":[0.6969675421714783,-0.6102641820907593,0.3765817880630493,0.0,0.505500078201294,0.04563117027282715,-0.8616191148757935,0.0,0.5086314082145691,0.7908827066421509,0.3402920365333557,0.0,2.0600953102111816,0.07153437286615372,1.1970895528793335,1.0],"resolution":[720,540],"sequence":39,"timestamp":1708297708.633,"tracking":2,"trackingReason":0},{"exposure":0.0,"image":"frame_00000040.jpg","intrinsics":[500.4143371582031,500.4143371582031,362.09014892578125,273.032470703125,0.0],"location":{"altitude":61.886287689208984,"altitudeAccuracy":3.3660976886749268,"heading":111.26190185546875,"headingAccuracy":4.742775917053223,"headingTimestamp":1708297706.0,"latitude":33.740020751953125,"longitude":-117.77040100097656,"positionAccuracy":4.742775917053223,"positionSource":"corelocation","positionTimestamp":1708297706.0},"pose":[2.065063953399658,0.07275